V 54
K 1
D 0 -254000 1778000 254000
Y 1
U 1270000 889000 254000 0 2 3 REFDES=D?
U 1270000 635000 254000 0 2 3 DEVICE=STPS20200CTN
U 1270000 381000 254000 0 2 0 PKG_TYPE=TO255P460X1020X1905-3P
U 1270000 127000 254000 0 2 0 Description=STMicroelectronics 200V 30A, Dual Diode, 3-Pin TO-220AB STPS20200CTN
U 1270000 -127000 254000 0 2 0 Datasheet Link=http://www.st.com/web/en/resource/technical/document/datasheet/DM00079941.pdf
U 1270000 -381000 254000 0 2 0 Height=4.6
U 1270000 -635000 254000 0 2 0 Manufacturer_Name=STMicroelectronics
U 1270000 -889000 254000 0 2 0 Manufacturer_Part_Number=STPS20200CTN
U 1270000 -1143000 254000 0 2 0 Mouser Part Number=
U 1270000 -1397000 254000 0 2 0 Mouser Price/Stock=
U 1270000 -1651000 254000 0 2 0 Arrow Part Number=
U 1270000 -1905000 254000 0 2 0 Arrow Price/Stock=
U 0 0 254000 0 1 0 FORWARD_PCB=1
l 4 762000 0 1270000 254000 1270000 -254000 762000 0
|GRPHSTL -1 1 -1 3
l 2 762000 254000 762000 -254000
|GRPHSTL -1 -1 -1 1
l 3 762000 254000 863600 254000 863600 152400
|GRPHSTL -1 -1 -1 1
l 3 762000 -254000 660400 -254000 660400 -152400
|GRPHSTL -1 -1 -1 1
l 2 508000 0 762000 0
|GRPHSTL -1 -1 -1 1
l 2 1270000 0 1524000 0
|GRPHSTL -1 -1 -1 1
l 2 1524000 254000 1524000 -254000
|GRPHSTL -1 -1 -1 1
P 1 254000 0 508000 0 0 2 0
L 609600 25400 228600 0 2 0 3 0 K
A 406400 25400 203200 0 9 3 #=2
A 0 0 9 0 3 0 PINTYPE=BI
P 2 1778000 254000 1524000 254000 0 3 0
L 1422400 279400 228600 0 8 0 3 0 A1
A 1625600 279400 203200 0 3 3 #=1
A 0 0 9 0 3 0 PINTYPE=BI
P 3 1778000 -254000 1524000 -254000 0 3 0
L 1422400 -228600 228600 0 8 0 3 0 A2
A 1625600 -228600 203200 0 3 3 #=3
A 0 0 9 0 3 0 PINTYPE=BI
E
