V 54
K 1
D 0 -254000 2286000 0
Y 1
U 1905000 762000 254000 0 2 3 REFDES=IC?
U 1905000 508000 254000 0 2 3 DEVICE=TLF80511TFV50ATMA1
U 1905000 254000 254000 0 2 0 PKG_TYPE=IDD09E60
U 1905000 0 254000 0 2 0 Description=INFINEON - TLF80511TFV50ATMA1 - LDO, FIXED, AEC-Q100, 5V, 0.4A, TO-252-3
U 1905000 -254000 254000 0 2 0 Datasheet Link=https://www.infineon.com/dgdl/Infineon-TLF80511TF-DS-v01_00-EN.pdf?fileId=5546d46259d9a4bf0159fa3199ac3f4b
U 1905000 -508000 254000 0 2 0 Height=2
U 1905000 -762000 254000 0 2 0 Manufacturer_Name=Infineon
U 1905000 -1016000 254000 0 2 0 Manufacturer_Part_Number=TLF80511TFV50ATMA1
U 1905000 -1270000 254000 0 2 0 Mouser Part Number=726-TLF80511TFV50ATM
U 1905000 -1524000 254000 0 2 0 Mouser Price/Stock=https://www.mouser.co.uk/ProductDetail/Infineon-Technologies/TLF80511TFV50ATMA1?qs=3Bi3m9r5MQYvpz38q4PWQw%3D%3D
U 1905000 -1778000 254000 0 2 0 Arrow Part Number=TLF80511TFV50ATMA1
U 1905000 -2032000 254000 0 2 0 Arrow Price/Stock=null?region=nac
U 0 0 254000 0 1 0 FORWARD_PCB=1
l 5 508000 254000 1778000 254000 1778000 -508000 508000 -508000 508000 254000
|GRPHSTL -1 -1 -1 1
P 1 2286000 -254000 1778000 -254000 0 3 0
L 1701800 -254000 228600 0 8 0 1 0 I
A 1930400 -203200 203200 0 3 3 #=1
A 0 0 9 0 3 0 PINTYPE=BI
P 2 0 0 508000 0 0 2 0
L 584200 0 228600 0 2 0 1 0 GND
A 355600 50800 203200 0 9 3 #=2
A 0 0 9 0 3 0 PINTYPE=BI
P 3 2286000 0 1778000 0 0 3 0
L 1701800 0 228600 0 8 0 1 0 Q
A 1930400 50800 203200 0 3 3 #=3
A 0 0 9 0 3 0 PINTYPE=BI
E
